9 8
1 1 7 8 6 7 8 6 1
 150000
 4.73621668150962538135E+00     1     1     1     1
-4.87360949157559342204E-01     2     1     1     1
 1.14786463690183748731E+00     2     2     1     1
 1.12026807825777607874E+00     3     3     1     1
 1.12026807825777563465E+00     4     4     1     1
 1.09902456161167672022E+00     5     5     1     1
-4.97444401077800690825E-01     6     3     1     1
 9.00545124495917170826E-01     6     6     1     1
-4.97444401077801134914E-01     7     4     1     1
 9.00545124495918170027E-01     7     7     1     1
-5.01664562621209175752E-01     8     5     1     1
 9.21788641142016751395E-01     8     8     1     1
 3.98572316952917116151E-01     9     1     1     1
-4.38430469108654186083E-01     9     2     1     1
 8.47809793136629186172E-01     9     9     1     1
-4.87360949157559231182E-01     1     1     1     2
 8.07399296294229462667E-02     2     1     1     2
-2.24893207107863743466E-02     2     2     1     2
-1.54236570030354611105E-02     3     3     1     2
-1.54236570030354055993E-02     4     4     1     2
-1.47376044884974695404E-02     5     5     1     2
 1.61578801210890549145E-02     6     3     1     2
-1.70825203219509072494E-02     6     6     1     2
 1.61578801210890618534E-02     7     4     1     2
-1.70825203219509454133E-02     7     7     1     2
 1.61080214366496471401E-02     8     5     1     2
-1.77685728364889959641E-02     8     8     1     2
-6.65063839155583397256E-02     9     1     1     2
 1.88444494012754287793E-02     9     2     1     2
-1.59586272581448661290E-02     9     9     1     2
-2.24893207107863361827E-02     2     1     2     2
 8.07774903361527796264E-01     2     2     2     2
 7.88967276589113253316E-01     3     3     2     2
 7.88967276589113253316E-01     4     4     2     2
 7.80188499713416860892E-01     5     5     2     2
-2.04651481462603007655E-01     6     3     2     2
 6.12107626764776258099E-01     6     6     2     2
-2.04651481462603229700E-01     7     4     2     2
 6.12107626764776480144E-01     7     7     2     2
-2.08225294682290174020E-01     8     5     2     2
 6.20886403640472761545E-01     8     8     2     2
 1.73026519960556117439E-02     9     1     2     2
-1.77396602137785769360E-01     9     2     2     2
 6.19391214919627786095E-01     9     9     2     2
 3.62656180146369230832E-02     3     1     1     3
 3.84960155946389784298E-02     3     2     1     3
-3.85036418123149357107E-02     6     1     1     3
-2.10184405205478576362E-02     6     2     1     3
-1.97004204172350448621E-02     9     3     1     3
 2.50737677172253557722E-02     9     6     1     3
 3.84960155946389784298E-02     3     1     2     3
 1.60723224510327888925E-01     3     2     2     3
-3.72111950247808326298E-02     6     1     2     3
-4.49599321315145850075E-02     6     2     2     3
-3.22741923970045335723E-02     9     3     2     3
 1.05074676309837605759E-01     9     6     2     3
 8.30852396986264118972E-01     3     3     3     3
 7.47419347016484381108E-01     4     4     3     3
 7.39105853396482936901E-01     5     5     3     3
-2.19488534989913303130E-01     6     3     3     3
 6.43007121459449826339E-01     6     6     3     3
-1.93916649057824408420E-01     7     4     3     3
 5.90457555735801498109E-01     7     7     3     3
-1.97077277878606627048E-01     8     5     3     3
 5.98771049355802609249E-01     8     8     3     3
 1.14712317071535337826E-02     9     1     3     3
-1.72438922586457155095E-01     9     2     3     3
 6.11011667843524119981E-01     9     9     3     3
 3.62656180146368814499E-02     4     1     1     4
 3.84960155946389506743E-02     4     2     1     4
-3.85036418123149426496E-02     7     1     1     4
-2.10184405205478715140E-02     7     2     1     4
-1.97004204172350309843E-02     9     4     1     4
 2.50737677172253627111E-02     9     7     1     4
 3.84960155946389576131E-02     4     1     2     4
 1.60723224510327861170E-01     4     2     2     4
-3.72111950247808534464E-02     7     1     2     4
-4.49599321315146821521E-02     7     2     2     4
-3.22741923970044503056E-02     9     4     2     4
 1.05074676309837647392E-01     9     7     2     4
 4.17165249848899105656E-02     4     3     3     4
-1.27859429660445427651E-02     6     4     3     4
-1.27859429660445896026E-02     7     3     3     4
 2.62747828618243133014E-02     7     6     3     4
 8.30852396986264118972E-01     4     4     4     4
 7.39105853396482936901E-01     5     5     4     4
-1.93916649057824130864E-01     6     3     4     4
 5.90457555735801054020E-01     6     6     4     4
-2.19488534989913469664E-01     7     4     4     4
 6.43007121459450048384E-01     7     7     4     4
-1.97077277878606543782E-01     8     5     4     4
 5.98771049355802720271E-01     8     8     4     4
 1.14712317071535216395E-02     9     1     4     4
-1.72438922586457099584E-01     9     2     4     4
 6.11011667843524008958E-01     9     9     4     4
 3.46311478443555864626E-02     5     1     1     5
 3.72504981708978652466E-02     5     2     1     5
-3.83675196451536415498E-02     8     1     1     5
-2.13670358413187502777E-02     8     2     1     5
-1.87515150869523167243E-02     9     5     1     5
 2.49524839207634109572E-02     9     8     1     5
 3.72504981708978721855E-02     5     1     2     5
 1.58756859368759190021E-01     5     2     2     5
-3.75597903455517287408E-02     8     1     2     5
-4.75206619045631453724E-02     8     2     2     5
-2.91880288524154971053E-02     9     5     2     5
 1.05386507518876126888E-01     9     8     2     5
 4.11614546919630702737E-02     5     3     3     5
-1.18820292426352180221E-02     6     5     3     5
-1.33197020825150877488E-02     8     3     3     5
 2.64540839742455867467E-02     8     6     3     5
 4.11614546919630702737E-02     5     4     4     5
-1.18820292426352457776E-02     7     5     4     5
-1.33197020825150634626E-02     8     4     4     5
 2.64540839742455971551E-02     8     7     4     5
 8.12295828228830285589E-01     5     5     5     5
-1.88924944121882154580E-01     6     3     5     5
 5.85037882206687287479E-01     6     6     5     5
-1.88924944121882404380E-01     7     4     5     5
 5.85037882206687620545E-01     7     7     5     5
-2.16844248754705648530E-01     8     5     5     5
 6.46435741590010826130E-01     8     8     5     5
 1.09582917394280363738E-02     9     1     5     5
-1.67680944260504505294E-01     9     2     5     5
 6.06035777774133754825E-01     9     9     5     5
-3.85036418123149357107E-02     3     1     1     6
-3.72111950247808395686E-02     3     2     1     6
 4.10331423744830156575E-02     6     1     1     6
 2.08556274210175765504E-02     6     2     1     6
 1.96757119180512828061E-02     9     3     1     6
-2.44556426198496990043E-02     9     6     1     6
-2.10184405205478645751E-02     3     1     2     6
-4.49599321315145988853E-02     3     2     2     6
 2.08556274210175765504E-02     6     1     2     6
 3.83225587543411100322E-02     6     2     2     6
 3.97595957467612171055E-02     9     3     2     6
-1.45222199234272125734E-02     9     6     2     6
-2.19488534989913358642E-01     3     3     3     6
-1.93916649057824214131E-01     4     4     3     6
-1.88924944121882126824E-01     5     5     3     6
 1.48835832751457980416E-01     6     3     3     6
-1.33421585741248155399E-01     6     6     3     6
 1.16719631287491867888E-01     7     4     3     6
-1.26523035128865896093E-01     7     7     3     6
 1.18046449523146163019E-01     8     5     3     6
-1.31514740064807789111E-01     8     8     3     6
-1.20844957691342118344E-02     9     1     3     6
 1.11243834038843691925E-01     9     2     3     6
-1.16033315290084801386E-01     9     9     3     6
-1.27859429660445444998E-02     4     3     4     6
 1.60581007319831256530E-02     6     4     4     6
 1.60581007319831360614E-02     7     3     4     6
-3.44927530619122332811E-03     7     6     4     6
-1.18820292426352180221E-02     5     3     5     6
 1.59157802860310365611E-02     6     5     5     6
 1.62374018444044060372E-02     8     3     5     6
-3.24423197121498927201E-03     8     6     5     6
-1.33421585741248155399E-01     6     3     6     6
 5.49247068432700213947E-01     6     6     6     6
-1.26523035128865923848E-01     7     4     6     6
 4.98128622611428650835E-01     7     7     6     6
-1.28370939982082821196E-01     8     5     6     6
 5.03548296140542528398E-01     8     8     6     6
 1.30647266449548486722E-02     9     1     6     6
-1.07200645457827842266E-01     9     2     6     6
 5.14058781136294329350E-01     9     9     6     6
-3.85036418123149426496E-02     4     1     1     7
-3.72111950247808534464E-02     4     2     1     7
 4.10331423744830781075E-02     7     1     1     7
 2.08556274210176181838E-02     7     2     1     7
 1.96757119180512897449E-02     9     4     1     7
-2.44556426198497371682E-02     9     7     1     7
-2.10184405205478749834E-02     4     1     2     7
-4.49599321315146890909E-02     4     2     2     7
 2.08556274210176216533E-02     7     1     2     7
 3.83225587543411794211E-02     7     2     2     7
 3.97595957467612448610E-02     9     4     2     7
-1.45222199234273322693E-02     9     7     2     7
-1.27859429660445896026E-02     4     3     3     7
 1.60581007319831360614E-02     6     4     3     7
 1.60581007319831464697E-02     7     3     3     7
-3.44927530619125715522E-03     7     6     3     7
-2.19488534989913386397E-01     4     4     4     7
-1.88924944121882321113E-01     5     5     4     7
 1.16719631287491909521E-01     6     3     4     7
-1.26523035128865840582E-01     6     6     4     7
 1.48835832751458230216E-01     7     4     4     7
-1.33421585741248460710E-01     7     7     4     7
 1.18046449523146232408E-01     8     5     4     7
-1.31514740064807983400E-01     8     8     4     7
-1.20844957691342153039E-02     9     1     4     7
 1.11243834038843775192E-01     9     2     4     7
-1.16033315290084926286E-01     9     9     4     7
-1.18820292426352423082E-02     5     4     5     7
 1.59157802860310573778E-02     7     5     5     7
 1.62374018444044199150E-02     8     4     5     7
-3.24423197121501876231E-03     8     7     5     7
-3.44927530619122549652E-03     6     4     6     7
-3.44927530619125975730E-03     7     3     6     7
 2.55592229106357538004E-02     7     6     6     7
-1.33421585741248543977E-01     7     4     7     7
 5.49247068432700547014E-01     7     7     7     7
-1.28370939982083015485E-01     8     5     7     7
 5.03548296140542861465E-01     8     8     7     7
 1.30647266449548660194E-02     9     1     7     7
-1.07200645457828008800E-01     9     2     7     7
 5.14058781136294440373E-01     9     9     7     7
-3.83675196451536415498E-02     5     1     1     8
-3.75597903455517287408E-02     5     2     1     8
 4.26676125447643800337E-02     8     1     1     8
 2.21011448447586932031E-02     8     2     1     8
 1.95544281215893310522E-02     9     5     1     8
-2.54045479501324306115E-02     9     8     1     8
-2.13670358413187433388E-02     5     1     2     8
-4.75206619045631453724E-02     5     2     2     8
 2.21011448447586862642E-02     8     1     2     8
 4.02889238959098505699E-02     8     2     2     8
 4.00714269557997451732E-02     9     5     2     8
-1.76083834680162629183E-02     9     8     2     8
-1.33197020825150842793E-02     5     3     3     8
 1.62374018444044060372E-02     6     5     3     8
 1.66131710249099659449E-02     8     3     3     8
-4.35318902960056975521E-03     8     6     3     8
-1.33197020825150599932E-02     5     4     4     8
 1.62374018444044199150E-02     7     5     4     8
 1.66131710249099659449E-02     8     4     4     8
-4.35318902960056281631E-03     8     7     4     8
-2.16844248754705565263E-01     5     5     5     8
 1.18046449523146163019E-01     6     3     5     8
-1.28370939982082821196E-01     6     6     5     8
 1.18046449523146204652E-01     7     4     5     8
-1.28370939982083015485E-01     7     7     5     8
 1.52264452882019063473E-01     8     5     5     8
-1.41731837213444206158E-01     8     8     5     8
-1.20397077764273826433E-02     9     1     5     8
 1.12529794110324751766E-01     9     2     5     8
-1.17988972710973361036E-01     9     9     5     8
-3.24423197121498623624E-03     6     5     6     8
-4.35318902960056455104E-03     8     3     6     8
 2.57015433565878324840E-02     8     6     6     8
-3.24423197121502223175E-03     7     5     7     8
-4.35318902960056455104E-03     8     4     7     8
 2.57015433565878394229E-02     8     7     7     8
-1.41731837213444122892E-01     8     5     8     8
 5.60946396929012713883E-01     8     8     8     8
 1.35776666126803547546E-02     9     1     8     8
-1.11958623783780533700E-01     9     2     8     8
 5.19034671205684694506E-01     9     9     8     8
 3.98572316952916894106E-01     1     1     1     9
-6.65063839155582980922E-02     2     1     1     9
 1.73026519960556290911E-02     2     2     1     9
 1.14712317071535216395E-02     3     3     1     9
 1.14712317071534591895E-02     4     4     1     9
 1.09582917394280589252E-02     5     5     1     9
-1.20844957691341702011E-02     6     3     1     9
 1.30647266449548972445E-02     6     6     1     9
-1.20844957691342361206E-02     7     4     1     9
 1.30647266449549041833E-02     7     7     1     9
-1.20397077764273600919E-02     8     5     1     9
 1.35776666126804293477E-02     8     8     1     9
 5.49538706912133245730E-02     9     1     1     9
-1.43646228548265329772E-02     9     2     1     9
 1.23121731605200773058E-02     9     9     1     9
 1.88444494012754565349E-02     2     1     2     9
-1.77396602137785824871E-01     2     2     2     9
-1.72438922586457127339E-01     3     3     2     9
-1.72438922586457071828E-01     4     4     2     9
-1.67680944260504422028E-01     5     5     2     9
 1.11243834038843775192E-01     6     3     2     9
-1.07200645457827939411E-01     6     6     2     9
 1.11243834038843858458E-01     7     4     2     9
-1.07200645457828119822E-01     7     7     2     9
 1.12529794110324807277E-01     8     5     2     9
-1.11958623783780644723E-01     8     8     2     9
-1.43646228548265173647E-02     9     1     2     9
 1.00312183363341578257E-01     9     2     2     9
-9.77174532696722386582E-02     9     9     2     9
-1.97004204172350413926E-02     3     1     3     9
-3.22741923970045266334E-02     3     2     3     9
 1.96757119180512897449E-02     6     1     3     9
 3.97595957467612379221E-02     6     2     3     9
 4.32354656220832675451E-02     9     3     3     9
-3.02591151998649965718E-03     9     6     3     9
-1.97004204172350205759E-02     4     1     4     9
-3.22741923970044641834E-02     4     2     4     9
 1.96757119180513036227E-02     7     1     4     9
 3.97595957467612309832E-02     7     2     4     9
 4.32354656220832397895E-02     9     4     4     9
-3.02591151998645368701E-03     9     7     4     9
-1.87515150869523306021E-02     5     1     5     9
-2.91880288524154624108E-02     5     2     5     9
 1.95544281215893275827E-02     8     1     5     9
 4.00714269557997521121E-02     8     2     5     9
 4.31287884569856450057E-02     9     5     5     9
-1.99124800433365337776E-03     9     8     5     9
-2.44556426198497163516E-02     6     1     6     9
-1.45222199234272403290E-02     6     2     6     9
-3.02591151998652958116E-03     9     3     6     9
 9.17902982306465081708E-02     9     6     6     9
-2.44556426198497649238E-02     7     1     7     9
-1.45222199234273062485E-02     7     2     7     9
-3.02591151998647190161E-03     9     4     7     9
 9.17902982306465220486E-02     9     7     7     9
-2.54045479501324236726E-02     8     1     8     9
-1.76083834680162594488E-02     8     2     8     9
-1.99124800433369024064E-03     9     5     8     9
 9.18969753957441654046E-02     9     8     8     9
 1.23121731605200217946E-02     9     1     9     9
-9.77174532696717945690E-02     9     2     9     9
 5.20416969226047521069E-01     9     9     9     9
 0.00000000000000000000E+00     0     0     0     0
 4.74694098106064465981E+00     1     1     1     1
-4.56848617630091824449E-01     2     1     1     1
 1.10536096655150717361E+00     2     2     1     1
 1.05969540156610997350E+00     3     3     1     1
 8.98459000246025540903E-01     4     4     1     1
 8.98459000246024985792E-01     5     5     1     1
-5.07224001121563961014E-01     6     3     1     1
 9.61462777708556481926E-01     6     6     1     1
-4.14193450536375240567E-01     7     1     1     1
 4.47518559906614099564E-01     7     2     1     1
 8.85359208616622095356E-01     7     7     1     1
 4.97109328987234255770E-01     8     4     1     1
 1.12269917902864069248E+00     8     8     1     1
 4.97109328987234200259E-01     9     5     1     1
 1.12269917902864135861E+00     9     9     1     1
-4.56848617630091713426E-01     1     1     1     2
 7.14316808890970017520E-02     2     1     1     2
-1.85835622197608359152E-02     2     2     1     2
-1.21506551708146729590E-02     3     3     1     2
-7.75693220514434792628E-03     4     4     1     2
-7.75693220514433144641E-03     5     5     1     2
 1.44507243004888628196E-02     6     3     1     2
-1.73069829455719907674E-02     6     6     1     2
 6.49869181586100325143E-02     7     1     1     2
-1.71357889959561603133E-02     7     2     1     2
-1.59431268840009091048E-02     7     7     1     2
-1.29175522273844520932E-02     8     4     1     2
-2.17007059112423947300E-02     8     8     1     2
-1.29175522273844555626E-02     9     5     1     2
-2.17007059112423947300E-02     9     9     1     2
-1.85835622197608567319E-02     2     1     2     2
 7.76387640810243029321E-01     2     2     2     2
 7.49307233609807221697E-01     3     3     2     2
 6.82530106495335298078E-01     4     4     2     2
 6.82530106495335187056E-01     5     5     2     2
-2.03473177444608382958E-01     6     3     2     2
 6.26438618666753543884E-01     6     6     2     2
-1.61091199323192928172E-02     7     1     2     2
 1.75495128082144680182E-01     7     2     2     2
 6.25562301904933004693E-01     7     7     2     2
 2.12478145587197103650E-01     8     4     2     2
 6.93215745781225467503E-01     8     8     2     2
 2.12478145587197131405E-01     9     5     2     2
 6.93215745781225911593E-01     9     9     2     2
 3.13027127616927330900E-02     3     1     1     3
 3.36077205546729679275E-02     3     2     1     3
-3.76137566781116622350E-02     6     1     1     3
-2.06473236240350549453E-02     6     2     1     3
 1.84010327895977668367E-02     7     3     1     3
-2.52023561060233797226E-02     7     6     1     3
 3.36077205546729679275E-02     3     1     2     3
 1.52850449133112187283E-01     3     2     2     3
-3.69269995087277771995E-02     6     1     2     3
-4.57239650629419971950E-02     6     2     2     3
 2.84484845706377970087E-02     7     3     2     3
-1.07790771389490988574E-01     7     6     2     3
 7.78847833876305184475E-01     3     3     3     3
 6.40083924923179559130E-01     4     4     3     3
 6.40083924923179448108E-01     5     5     3     3
-2.10451156662363886296E-01     6     3     3     3
 6.51480092860120318932E-01     6     6     3     3
-1.03305831587628977469E-02     7     1     3     3
 1.65454145721253692569E-01     7     2     3     3
 6.10907684946188855868E-01     7     7     3     3
 1.94162619426142796231E-01     8     4     3     3
 6.58289939880144725493E-01     8     8     3     3
 1.94162619426142879497E-01     9     5     3     3
 6.58289939880145058559E-01     9     9     3     3
 1.98821559929115675158E-02     4     1     1     4
 2.43349134091461645479E-02     4     2     1     4
 1.14458626808416705917E-02     7     4     1     4
 3.35243096479681326749E-02     8     1     1     4
 2.08328438248851117998E-02     8     2     1     4
 2.25451803329024640099E-02     8     7     1     4
 2.43349134091461645479E-02     4     1     2     4
 1.35763338394966764922E-01     4     2     2     4
 4.75866309629227168115E-03     7     4     2     4
 3.71125197095778375234E-02     8     1     2     4
 6.07107772723902497369E-02     8     2     2     4
 1.05138602611977674539E-01     8     7     2     4
 3.45880644278807602987E-02     4     3     3     4
-4.52601282368594957234E-03     6     4     3     4
 1.44224805966441833871E-02     8     3     3     4
-2.70565291834470623977E-02     8     6     3     4
 6.56992983598311375282E-01     4     4     4     4
 5.91608559644028364488E-01     5     5     4     4
-1.47614503411810482625E-01     6     3     4     4
 5.49740217201635128497E-01     6     6     4     4
-6.60341830983663530263E-03     7     1     4     4
 1.27530079709266802590E-01     7     2     4     4
 5.68037793829618720132E-01     7     7     4     4
 1.68902388503872569192E-01     8     4     4     4
 6.53476872877502112935E-01     8     8     4     4
 1.54336077477182948003E-01     9     5     4     4
 5.98215582480786767228E-01     9     9     4     4
 1.98821559929115224130E-02     5     1     1     5
 2.43349134091461263840E-02     5     2     1     5
 1.14458626808416445708E-02     7     5     1     5
 3.35243096479681187971E-02     9     1     1     5
 2.08328438248851048609E-02     9     2     1     5
 2.25451803329024466627E-02     9     7     1     5
 2.43349134091461263840E-02     5     1     2     5
 1.35763338394966681655E-01     5     2     2     5
 4.75866309629216759775E-03     7     5     2     5
 3.71125197095778375234E-02     9     1     2     5
 6.07107772723903260648E-02     9     2     2     5
 1.05138602611977646784E-01     9     7     2     5
 3.45880644278807533598E-02     5     3     3     5
-4.52601282368591574523E-03     6     5     3     5
 1.44224805966441989996E-02     9     3     3     5
-2.70565291834470554588E-02     9     6     3     5
 3.26922119771414707023E-02     5     4     4     5
 7.28315551334478977763E-03     8     5     4     5
 7.28315551334483488044E-03     9     4     4     5
 2.76306451983579157150E-02     9     8     4     5
 6.56992983598311153237E-01     5     5     5     5
-1.47614503411810343847E-01     6     3     5     5
 5.49740217201635128497E-01     6     6     5     5
-6.60341830983662055748E-03     7     1     5     5
 1.27530079709266663812E-01     7     2     5     5
 5.68037793829618609109E-01     7     7     5     5
 1.54336077477182753714E-01     8     4     5     5
 5.98215582480786212116E-01     8     8     5     5
 1.68902388503872402659E-01     9     5     5     5
 6.53476872877502446002E-01     9     9     5     5
-3.76137566781116691739E-02     3     1     1     6
-3.69269995087277841384E-02     3     2     1     6
 4.53551132188303937620E-02     6     1     1     6
 2.31793175288319032445E-02     6     2     1     6
-2.07782199638645755091E-02     7     3     1     6
 2.79972752096112435793E-02     7     6     1     6
-2.06473236240350514759E-02     3     1     2     6
-4.57239650629419902561E-02     3     2     2     6
 2.31793175288319067140E-02     6     1     2     6
 4.24112486013608833146E-02     6     2     2     6
-4.24240885434760267581E-02     7     3     2     6
 2.12788873044888297847E-02     7     6     2     6
-2.10451156662363886296E-01     3     3     3     6
-1.47614503411810454869E-01     4     4     3     6
-1.47614503411810288336E-01     5     5     3     6
 1.57308804152128722809E-01     6     3     3     6
-1.56848832479335897894E-01     6     6     3     6
 1.22788201588751155063E-02     7     1     3     6
-1.17915287737617904829E-01     7     2     3     6
-1.31198096487057019877E-01     7     7     3     6
-1.23599842921609609503E-01     8     4     3     6
-1.85505358110983759046E-01     8     8     3     6
-1.23599842921609609503E-01     9     5     3     6
-1.85505358110984036601E-01     9     9     3     6
-4.52601282368594610289E-03     4     3     4     6
 1.55181106177774367355E-02     6     4     4     6
-1.68398470536058816882E-02     8     3     4     6
 3.70701610311609556711E-03     8     6     4     6
-4.52601282368592181676E-03     5     3     5     6
 1.55181106177774332661E-02     6     5     5     6
-1.68398470536058782188E-02     9     3     5     6
 3.70701610311608559245E-03     9     6     5     6
-1.56848832479335953405E-01     6     3     6     6
 5.84305688741318496326E-01     6     6     6     6
-1.49584343982239447585E-02     7     1     6     6
 1.25060302756459573725E-01     7     2     6     6
 5.39146838589984134238E-01     7     7     6     6
 1.48868211869297772942E-01     8     4     6     6
 5.78348999094556392997E-01     8     8     6     6
 1.48868211869297745187E-01     9     5     6     6
 5.78348999094556726064E-01     9     9     6     6
-4.14193450536375129545E-01     1     1     1     7
 6.49869181586100463921E-02     2     1     1     7
-1.61091199323193101645E-02     2     2     1     7
-1.03305831587627971330E-02     3     3     1     7
-6.60341830983665958876E-03     4     4     1     7
-6.60341830983662055748E-03     5     5     1     7
 1.22788201588750790771E-02     6     3     1     7
-1.49584343982239343501E-02     6     6     1     7
 5.93015979492808875673E-02     7     1     1     7
-1.47020130637086389458E-02     7     2     1     7
-1.38171349422262692425E-02     7     7     1     7
-1.09374998156410007527E-02     8     4     1     7
-1.86855992471502176111E-02     8     8     1     7
-1.09374998156409955485E-02     9     5     1     7
-1.86855992471501933250E-02     9     9     1     7
-1.71357889959561394966E-02     2     1     2     7
 1.75495128082144596915E-01     2     2     2     7
 1.65454145721253637058E-01     3     3     2     7
 1.27530079709266830346E-01     4     4     2     7
 1.27530079709266663812E-01     5     5     2     7
-1.17915287737617821562E-01     6     3     2     7
 1.25060302756459407192E-01     6     6     2     7
-1.47020130637085608832E-02     7     1     2     7
 1.06489536960568287327E-01     7     2     2     7
 1.10777371555384154811E-01     7     7     2     7
 1.18311787521101829945E-01     8     4     2     7
 1.62984368768446241660E-01     8     8     2     7
 1.18311787521101829945E-01     9     5     2     7
 1.62984368768446463704E-01     9     9     2     7
 1.84010327895977807144E-02     3     1     3     7
 2.84484845706378039476E-02     3     2     3     7
-2.07782199638645720396E-02     6     1     3     7
-4.24240885434760128803E-02     6     2     3     7
 4.54024043455429210381E-02     7     3     3     7
-6.68220766199510186889E-03     7     6     3     7
 1.14458626808416757958E-02     4     1     4     7
 4.75866309629227515060E-03     4     2     4     7
 4.45330461676835889784E-02     7     4     4     7
 1.81210441907436493880E-02     8     1     4     7
 3.97719197659626641506E-02     8     2     4     7
-1.26701985900353939450E-03     8     7     4     7
 1.14458626808416463055E-02     5     1     5     7
 4.75866309629213290328E-03     5     2     5     7
 4.45330461676836097951E-02     7     5     5     7
 1.81210441907436355102E-02     9     1     5     7
 3.97719197659626572117E-02     9     2     5     7
-1.26701985900356736692E-03     9     7     5     7
 2.79972752096112470488E-02     6     1     6     7
 2.12788873044888263153E-02     6     2     6     7
-6.68220766199510533834E-03     7     3     6     7
 9.40483794459796018650E-02     7     6     6     7
-1.38171349422262119966E-02     7     1     7     7
 1.10777371555384210322E-01     7     2     7     7
 5.38646267996374494835E-01     7     7     7     7
 1.35836271397605762301E-01     8     4     7     7
 5.82016729706554380996E-01     8     8     7     7
 1.35836271397605512501E-01     9     5     7     7
 5.82016729706553936907E-01     9     9     7     7
 3.35243096479681326749E-02     4     1     1     8
 3.71125197095778236456E-02     4     2     1     8
 1.81210441907436459186E-02     7     4     1     8
 5.67756699876115489278E-02     8     1     1     8
 3.24521246743587135630E-02     8     2     1     8
 3.49524453183673450285E-02     8     7     1     8
 2.08328438248851048609E-02     4     1     2     8
 6.07107772723902566758E-02     4     2     2     8
 3.97719197659626919061E-02     7     4     2     8
 3.24521246743587205019E-02     8     1     2     8
 5.94983593395062987375E-02     8     2     2     8
 4.49687087788343056727E-02     8     7     2     8
 1.44224805966441851218E-02     4     3     3     8
-1.68398470536058816882E-02     6     4     3     8
 2.11722844088287516506E-02     8     3     3     8
-1.25640509857667809213E-02     8     6     3     8
 1.68902388503872569192E-01     4     4     4     8
 1.54336077477182725959E-01     5     5     4     8
-1.23599842921609540114E-01     6     3     4     8
 1.48868211869297717431E-01     6     6     4     8
-1.09374998156410198347E-02     7     1     4     8
 1.18311787521101927090E-01     7     2     4     8
 1.35836271397605623523E-01     7     7     4     8
 1.59305584169510378034E-01     8     4     4     8
 2.10387436191088406101E-01     8     8     4     8
 1.24477658032476956596E-01     9     5     4     8
 1.88694753818257954237E-01     9     9     4     8
 7.28315551334479064499E-03     5     4     5     8
 1.74139630685167245971E-02     8     5     5     8
 1.74139630685167350055E-02     9     4     5     8
 1.08463411864154601200E-02     9     8     5     8
 3.70701610311609600079E-03     6     4     6     8
-1.25640509857667739824E-02     8     3     6     8
 2.81134899050049652525E-02     8     6     6     8
-1.26701985900353202193E-03     7     4     7     8
 3.49524453183673519674E-02     8     1     7     8
 4.49687087788343195505E-02     8     2     7     8
 9.49177376238389547414E-02     8     7     7     8
 2.10387436191088572635E-01     8     4     8     8
 7.02166978984548384446E-01     8     8     8     8
 1.88694753818257815459E-01     9     5     8     8
 6.38423356493914906373E-01     9     9     8     8
 3.35243096479681187971E-02     5     1     1     9
 3.71125197095778305845E-02     5     2     1     9
 1.81210441907436355102E-02     7     5     1     9
 5.67756699876116113779E-02     9     1     1     9
 3.24521246743587621353E-02     9     2     1     9
 3.49524453183673797230E-02     9     7     1     9
 2.08328438248851083303E-02     5     1     2     9
 6.07107772723903191259E-02     5     2     2     9
 3.97719197659626710895E-02     7     5     2     9
 3.24521246743587551964E-02     9     1     2     9
 5.94983593395063820042E-02     9     2     2     9
 4.49687087788344444506E-02     9     7     2     9
 1.44224805966442007343E-02     5     3     3     9
-1.68398470536058782188E-02     6     5     3     9
 2.11722844088287794062E-02     9     3     3     9
-1.25640509857668156157E-02     9     6     3     9
 7.28315551334483834989E-03     5     4     4     9
 1.74139630685167384749E-02     8     5     4     9
 1.74139630685167488833E-02     9     4     4     9
 1.08463411864155086922E-02     9     8     4     9
 1.68902388503872402659E-01     5     5     5     9
-1.23599842921609526236E-01     6     3     5     9
 1.48868211869297717431E-01     6     6     5     9
-1.09374998156410111610E-02     7     1     5     9
 1.18311787521101927090E-01     7     2     5     9
 1.35836271397605623523E-01     7     7     5     9
 1.24477658032476956596E-01     8     4     5     9
 1.88694753818257732192E-01     8     8     5     9
 1.59305584169510322523E-01     9     5     5     9
 2.10387436191088822435E-01     9     9     5     9
 3.70701610311608689349E-03     6     5     6     9
-1.25640509857668173505E-02     9     3     6     9
 2.81134899050049721914E-02     9     6     6     9
-1.26701985900356064486E-03     7     5     7     9
 3.49524453183673797230E-02     9     1     7     9
 4.49687087788344513895E-02     9     2     7     9
 9.49177376238389686192E-02     9     7     7     9
 1.08463411864154635894E-02     8     5     8     9
 1.08463411864155034880E-02     9     4     8     9
 3.18718112453170235310E-02     9     8     8     9
 2.10387436191088877946E-01     9     5     9     9
 7.02166978984549494669E-01     9     9     9     9
 0.00000000000000000000E+00     0     0     0     0
 4.74157391133642125425E+00     1     1     1     1
-4.56010374292986631062E-01     1     1     2     1
 1.10514407527543423448E+00     1     1     2     2
 1.05955319694927085905E+00     1     1     3     3
 8.98368076207921029130E-01     1     1     4     4
 8.98368076207920362997E-01     1     1     5     5
-5.07055310996494257303E-01     1     1     6     3
 9.61260005804422168474E-01     1     1     6     6
-4.13430100835389280345E-01     1     1     7     1
 4.47319229143293306539E-01     1     1     7     2
 8.85173124936237010196E-01     1     1     7     7
 4.96958594999707070627E-01     1     1     8     4
 1.12244512654577199839E+00     1     1     8     8
 4.96958594999707015116E-01     1     1     9     5
 1.12244512654577310862E+00     1     1     9     9
-4.88252157668348341080E-01     1     2     1     1
 7.59396114712384134871E-02     1     2     2     1
-2.02173489323868478540E-02     1     2     2     2
-1.34835468473342677542E-02     1     2     3     3
-8.63316787167857715990E-03     1     2     4     4
-8.63316787167855634322E-03     1     2     5     5
 1.59403477069755966644E-02     1     2     6     3
-1.90226304776521422391E-02     1     2     6     6
 6.90953520701027140705E-02     1     2     7     1
-1.86264549869233943247E-02     1     2     7     2
-1.73393905257554596655E-02     1     2     7     7
-1.42724158440996617969E-02     1     2     8     4
-2.38730094533078328334E-02     1     2     8     8
-1.42724158440996531233E-02     1     2     9     5
-2.38730094533078605890E-02     1     2     9     9
 1.14810605783912955680E+00     2     2     1     1
-2.06869574522337042188E-02     2     2     2     1
 7.91666178952798338386E-01     2     2     2     2
 7.63674091661691534227E-01     2     2     3     3
 6.93575035689118046811E-01     2     2     4     4
 6.93575035689117824766E-01     2     2     5     5
-2.13812598997980995996E-01     2     2     6     3
 6.37400811692197977187E-01     2     2     6     6
-1.79450577845102869634E-02     2     2     7     1
 1.84867808239246700364E-01     2     2     7     2
 6.35258518391064841424E-01     2     2     7     7
 2.22830849665048374986E-01     2     2     8     4
 7.07499867664771575626E-01     2     2     8     8
 2.22830849665048458252E-01     2     2     9     5
 7.07499867664771908693E-01     2     2     9     9
 2.68503831159330706713E-02     1     3     4     1
 3.24632795614125183037E-02     1     3     4     2
 1.52589409789074363644E-02     1     3     7     4
 4.53068540146306583671E-02     1     3     8     1
 2.77845601800468626486E-02     1     3     8     2
 3.00983098407866661583E-02     1     3     8     7
 2.88597652664301512759E-02     2     3     4     1
 1.46667139843919408504E-01     2     3     4     2
 1.51306420377080239059E-02     2     3     7     4
 4.41777868308001822606E-02     2     3     8     1
 7.41674491489954512691E-02     2     3     8     2
 1.13034145683327327814E-01     2     3     8     7
 1.12043082135626792528E+00     3     3     1     1
-1.39099532223698387629E-02     3     3     2     1
 7.73367471969059194770E-01     3     3     2     2
 7.23491556495448495667E-01     3     3     3     3
 7.28631415705509821734E-01     3     3     4     4
 6.57534613820832891662E-01     3     3     5     5
-2.01957610612146842843E-01     3     3     6     3
 6.14385346256836939460E-01     3     3     6     6
-1.18263608399148140854E-02     3     3     7     1
 1.79509509213289647489E-01     3     3     7     2
 6.26448729365085110743E-01     3     3     7     7
 2.38595507860736438799E-01     3     3     8     4
 7.45228102740204456644E-01     3     3     8     8
 2.08884825325674872154E-01     3     3     9     5
 6.80342288931452876533E-01     3     3     9     9
 2.68503831159330255685E-02     1     4     5     1
 3.24632795614124836092E-02     1     4     5     2
 1.52589409789074086088E-02     1     4     7     5
 4.53068540146306653060E-02     1     4     9     1
 2.77845601800468730569E-02     1     4     9     2
 3.00983098407866835056E-02     1     4     9     7
 2.88597652664301131120E-02     2     4     5     1
 1.46667139843919352993E-01     2     4     5     2
 1.51306420377079319656E-02     2     4     7     5
 4.41777868308001961384E-02     2     4     9     1
 7.41674491489955345358E-02     2     4     9     2
 1.13034145683327369447E-01     2     4     9     7
 3.55484009423383262583E-02     3     4     5     4
 1.48553412675307902613E-02     3     4     8     5
 1.48553412675308423030E-02     3     4     9     4
 3.24429069043759010782E-02     3     4     9     8
 1.12043082135626748119E+00     4     4     1     1
-1.39099532223697884559E-02     4     4     2     1
 7.73367471969059083747E-01     4     4     2     2
 7.23491556495448495667E-01     4     4     3     3
 6.57534613820833113706E-01     4     4     4     4
 7.28631415705509599690E-01     4     4     5     5
-2.01957610612146842843E-01     4     4     6     3
 6.14385346256837161505E-01     4     4     6     6
-1.18263608399147568395E-02     4     4     7     1
 1.79509509213289564222E-01     4     4     7     2
 6.26448729365085887899E-01     4     4     7     7
 2.08884825325674761132E-01     4     4     8     4
 6.80342288931452543466E-01     4     4     8     8
 2.38595507860736355532E-01     4     4     9     5
 7.45228102740204567667E-01     4     4     9     9
 3.29243654095141904947E-02     1     5     3     1
 3.57006487888121629148E-02     1     5     3     2
-3.95517645898551678529E-02     1     5     6     1
-2.18129783862513818016E-02     1     5     6     2
 1.94115998293517451334E-02     1     5     7     3
-2.67258319512915926142E-02     1     5     7     6
 3.50755002746658620105E-02     2     5     3     1
 1.55664480615069295011E-01     2     5     3     2
-3.85705339310982650569E-02     2     5     6     1
-4.91140703846808523991E-02     2     5     6     2
 3.19842233537617620653E-02     2     5     7     3
-1.08783998726260822121E-01     2     5     7     6
 3.72737973937542627079E-02     3     5     4     3
-8.70253748137142513208E-03     3     5     6     4
 1.94227694049779603391E-02     3     5     8     3
-2.95019811477211825468E-02     3     5     8     6
 3.72737973937542557690E-02     4     5     5     3
-8.70253748137139564178E-03     4     5     6     5
 1.94227694049779811558E-02     4     5     9     3
-2.95019811477211929551E-02     4     5     9     6
 1.09918004038366046160E+00     5     5     1     1
-1.32877274838248786437E-02     5     5     2     1
 7.65018917556418154291E-01     5     5     2     2
 7.95097903353291224349E-01     5     5     3     3
 6.51480500052527555788E-01     5     5     4     4
 6.51480500052527333743E-01     5     5     5     5
-2.22661422136464309807E-01     5     5     6     3
 6.63633666465549776348E-01     5     5     6     6
-1.12971334929191855045E-02     5     5     7     1
 1.74606369211743661651E-01     5     5     7     2
 6.21049881159147609822E-01     5     5     7     7
 2.03751545705291386978E-01     5     5     8     4
 6.72663235550642779614E-01     5     5     8     8
 2.03751545705291442490E-01     5     5     9     5
 6.72663235550643112681E-01     5     5     9     9
-2.84884521906342835784E-02     1     6     4     1
-3.12475155035270742154E-02     1     6     4     2
-1.53191593263995312624E-02     1     6     7     4
-4.82659414864022376368E-02     1     6     8     1
-2.73846407860411540647E-02     1     6     8     2
-2.94770435642047468061E-02     1     6     8     7
-1.57614474083453935671E-02     2     6     4     1
-3.39959166880392169019E-02     2     6     4     2
-3.72023388719137995673E-02     2     6     7     4
-2.46995859350280060063E-02     2     6     8     1
-4.62430687459734132694E-02     2     6     8     2
-2.49362351494203729474E-02     2     6     8     7
-4.97615510660192550407E-01     3     6     1     1
 1.46560506474917723319E-02     3     6     2     1
-1.94592370629220801082E-01     3     6     2     2
-1.79612945986238836671E-01     3     6     3     3
-1.52131729854035779859E-01     3     6     4     4
-1.41099096868844087194E-01     3     6     5     5
 1.19928539759678778887E-01     3     6     6     3
-1.40826738200451162530E-01     3     6     6     6
 1.24681317854056228356E-02     3     6     7     1
-1.14624219489781270509E-01     3     6     7     2
-1.25921316541075217765E-01     3     6     7     7
-1.53010982095695302618E-01     3     6     8     4
-2.00778390877125734182E-01     3     6     8     8
-1.19972264417860977059E-01     3     6     9     5
-1.79340587317845939763E-01     3     6     9     9
-5.51631649259574051436E-03     4     6     5     4
-1.65193588389172148212E-02     4     6     8     5
-1.65193588389172252295E-02     4     6     9     4
-1.07189017796400307830E-02     4     6     9     8
-7.53223202466555847440E-03     5     6     4     3
 1.54473812256311331809E-02     5     6     6     4
-1.78456025745733284915E-02     5     6     8     3
 7.40616658756585669737E-03     5     6     8     6
 9.00727357918398197079E-01     6     6     1     1
-1.55476848940168926178E-02     6     6     2     1
 6.02378380307501570812E-01     6     6     2     2
 5.74882308307875566911E-01     6     6     3     3
 5.81838440770303777505E-01     6     6     4     4
 5.32289528303981462898E-01     6     6     5     5
-1.31162250910647343316E-01     6     6     6     3
 5.13703870039354137944E-01     6     6     6     6
-1.34626567170720527061E-02     6     6     7     1
 1.11004939264423507783E-01     6     6     7     2
 5.23605794171087102207E-01     6     6     7     7
 1.40694316834224592005E-01     6     6     8     4
 6.10415749121846373804E-01     6     6     8     8
 1.34146005969765863552E-01     6     6     9     5
 5.56296650043248352979E-01     6     6     9     9
-2.84884521906342697006E-02     1     7     5     1
-3.12475155035270846238E-02     1     7     5     2
-1.53191593263995277929E-02     1     7     7     5
-4.82659414864023000868E-02     1     7     9     1
-2.73846407860411991675E-02     1     7     9     2
-2.94770435642047815006E-02     1     7     9     7
-1.57614474083453970366E-02     2     7     5     1
-3.39959166880393001686E-02     2     7     5     2
-3.72023388719137718117E-02     2     7     7     5
-2.46995859350280476396E-02     2     7     9     1
-4.62430687459735104139E-02     2     7     9     2
-2.49362351494204666225E-02     2     7     9     7
-5.51631649259578128036E-03     3     7     5     4
-1.65193588389172252295E-02     3     7     8     5
-1.65193588389172356379E-02     3     7     9     4
-1.07189017796400654775E-02     3     7     9     8
-4.97615510660192994496E-01     4     7     1     1
 1.46560506474917827402E-02     4     7     2     1
-1.94592370629220995371E-01     4     7     2     2
-1.79612945986239030960E-01     4     7     3     3
-1.41099096868844392505E-01     4     7     4     4
-1.52131729854035779859E-01     4     7     5     5
 1.19928539759678820520E-01     4     7     6     3
-1.40826738200451273553E-01     4     7     6     6
 1.24681317854056870204E-02     4     7     7     1
-1.14624219489781339898E-01     4     7     7     2
-1.25921316541075245521E-01     4     7     7     7
-1.19972264417861018693E-01     4     7     8     4
-1.79340587317845967519E-01     4     7     8     8
-1.53010982095695441396E-01     4     7     9     5
-2.00778390877126178271E-01     4     7     9     9
-7.53223202466557582163E-03     5     7     5     3
 1.54473812256311383850E-02     5     7     6     5
-1.78456025745733562471E-02     5     7     9     3
 7.40616658756590006546E-03     5     7     9     6
 2.47744562331610497508E-02     6     7     5     4
 3.27415543222945660054E-03     6     7     8     5
 3.27415543222949433078E-03     6     7     9     4
 2.70595495392990173511E-02     6     7     9     8
 9.00727357918399085257E-01     7     7     1     1
-1.55476848940169099650E-02     7     7     2     1
 6.02378380307501792856E-01     7     7     2     2
 5.74882308307875899978E-01     7     7     3     3
 5.32289528303981795965E-01     7     7     4     4
 5.81838440770303888527E-01     7     7     5     5
-1.31162250910647482094E-01     7     7     6     3
 5.13703870039354471011E-01     7     7     6     6
-1.34626567170720509714E-02     7     7     7     1
 1.11004939264423646561E-01     7     7     7     2
 5.23605794171087546296E-01     7     7     7     7
 1.34146005969765974575E-01     7     7     8     4
 5.56296650043248352979E-01     7     7     8     8
 1.40694316834224841806E-01     7     7     9     5
 6.10415749121846928915E-01     7     7     9     9
-3.64871030506061441723E-02     1     8     3     1
-3.59602655942571278191E-02     1     8     3     2
 4.39907092594131049479E-02     1     8     6     1
 2.25541355137820441479E-02     1     8     6     2
-2.02151323625871341683E-02     1     8     7     3
 2.72504017761743891346E-02     1     8     7     6
-2.02275295345230414490E-02     2     8     3     1
-4.42152037945599540869E-02     2     8     3     2
 2.27140025524092126208E-02     2     8     6     1
 4.13230867707680762924E-02     2     8     6     2
-4.13739248439597417928E-02     2     8     7     3
 2.10412376154242505844E-02     2     8     7     6
-8.85943119622432592730E-03     3     8     4     3
 1.56246371459145185628E-02     3     8     6     4
-1.84266186906863749240E-02     3     8     8     3
 8.59396910745495977435E-03     3     8     8     6
-8.85943119622429817173E-03     4     8     5     3
 1.56246371459145150934E-02     4     8     6     5
-1.84266186906863818629E-02     4     8     9     3
 8.59396910745496150907E-03     4     8     9     6
-5.01835103333854282148E-01     5     8     1     1
 1.46079983883216253659E-02     5     8     2     1
-1.98050508916346457156E-01     5     8     2     2
-2.04831369525959566813E-01     5     8     3     3
-1.43633390408790806436E-01     5     8     4     4
-1.43633390408790639903E-01     5     8     5     5
 1.54733547340326987873E-01     5     8     6     3
-1.53744716442190176853E-01     5     8     6     6
 1.24220874295533079135E-02     5     8     7     1
-1.15976542494470730160E-01     5     8     7     2
-1.27993217764271915993E-01     5     8     7     7
-1.21452249580398144446E-01     5     8     8     4
-1.81814827451898725075E-01     5     8     8     8
-1.21452249580398144446E-01     5     8     9     5
-1.81814827451898974875E-01     5     8     9     9
 2.51460274878166009649E-02     6     8     4     3
 3.65971470472206911271E-04     6     8     6     4
 7.90313992221939806693E-03     6     8     8     3
-2.63618461317124685994E-02     6     8     8     6
 2.51460274878166079038E-02     7     8     5     3
 3.65971470472215855939E-04     7     8     6     5
 7.90313992221943276140E-03     7     8     9     3
-2.63618461317124790078E-02     7     8     9     6
 9.21978138891006215871E-01     8     8     1     1
-1.61699106325619325342E-02     8     8     2     1
 6.10726934720142722313E-01     8     8     2     2
 6.35230023383134501103E-01     8     8     3     3
 5.38343642072287353884E-01     8     8     4     4
 5.38343642072287242861E-01     8     8     5     5
-1.44638567005235529894E-01     8     8     6     3
 5.72152115135889149933E-01     8     8     6     6
-1.39918840640677819009E-02     8     8     7     1
 1.15908079265969396476E-01     8     8     7     2
 5.29004642377024492106E-01     8     8     7     7
 1.39279285590149154439E-01     8     8     8     4
 5.63975703424058005808E-01     8     8     8     8
 1.39279285590149154439E-01     8     8     9     5
 5.63975703424058116831E-01     8     8     9     9
 3.99307079926630170696E-01     1     9     1     1
-6.25492372720861944391E-02     1     9     2     1
 1.55336651806759831751E-02     1     9     2     2
 1.00215055683063325453E-02     1     9     3     3
 6.40935357068355120863E-03     1     9     4     4
 6.40935357068353733084E-03     1     9     5     5
-1.19005546447682273442E-02     1     9     6     3
 1.45144527838020516441E-02     1     9     6     6
-5.70856521383919374157E-02     1     9     7     1
 1.41717912157063585799E-02     1     9     7     2
 1.33463970021866183691E-02     1     9     7     7
 1.05993561379697856517E-02     1     9     8     4
 1.81266047814248321135E-02     1     9     8     8
 1.05993561379697804475E-02     1     9     9     5
 1.81266047814248563996E-02     1     9     9     9
-4.38632275171522423296E-01     2     9     1     1
 1.73452184086562953558E-02     2     9     2     1
-1.68293977972708813651E-01     2     9     2     2
-1.58802601718887048676E-01     2     9     3     3
-1.22051522832741718427E-01     2     9     4     4
-1.22051522832741551894E-01     2     9     5     5
 1.14362806211774664655E-01     2     9     6     3
-1.20836966325397976441E-01     2     9     6     6
 1.49015493254420067215E-02     2     9     7     1
-1.03327377234636308412E-01     2     9     7     2
-1.06618271371880499188E-01     2     9     7     7
-1.14557791994455759887E-01     2     9     8     4
-1.57588045211543320567E-01     2     9     8     8
-1.14557791994455759887E-01     2     9     9     5
-1.57588045211543514856E-01     2     9     9     9
-1.47719679897309608130E-02     3     9     4     1
-2.10508764564782818729E-02     3     9     4     2
-4.25328913461738497559E-02     3     9     7     4
-2.32861592355832064394E-02     3     9     8     1
-4.53383206297163082743E-02     3     9     8     2
-1.44202970634780078957E-02     3     9     8     7
-1.47719679897309382616E-02     4     9     5     1
-2.10508764564781881978E-02     4     9     5     2
-4.25328913461738289392E-02     4     9     7     5
-2.32861592355832099088E-02     4     9     9     1
-4.53383206297163152132E-02     4     9     9     2
-1.44202970634779506498E-02     4     9     9     7
-1.77803121692492356598E-02     5     9     3     1
-2.57519230832486713256E-02     5     9     3     2
 2.00999574216494877876E-02     5     9     6     1
 4.10600942246142838754E-02     5     9     6     2
-4.42261988163223790371E-02     5     9     7     3
 5.52407413197096922031E-03     5     9     7     6
 1.87779788554100872389E-02     6     9     4     1
 1.00116916086066265468E-01     6     9     4     2
-1.26142347035843992858E-02     6     9     7     4
 2.90099551264568211728E-02     6     9     8     1
 3.31707072085143800377E-02     6     9     8     2
 9.18475265841096760733E-02     6     9     8     7
 1.87779788554100837694E-02     7     9     5     1
 1.00116916086066265468E-01     7     9     5     2
-1.26142347035844738790E-02     7     9     7     5
 2.90099551264568593367E-02     7     9     9     1
 3.31707072085145049378E-02     7     9     9     2
 9.18475265841096621955E-02     7     9     9     7
 2.35222540235351558480E-02     8     9     3     1
 1.04680161855941977755E-01     8     9     3     2
-2.60998469925026455041E-02     8     9     6     1
-1.77585543893731684362E-02     8     9     6     2
 3.04492506404851082796E-03     8     9     7     3
-9.28242169104494807552E-02     8     9     7     6
 8.47981187053223450789E-01     9     9     1     1
-1.46779749886330433684E-02     9     9     2     1
 6.10500655038451189860E-01     9     9     2     2
 5.96683031511143879833E-01     9     9     3     3
 5.57083788673941038283E-01     9     9     4     4
 5.57083788673940927261E-01     9     9     5     5
-1.21027365058754318716E-01     9     9     6     3
 5.28387417468674458476E-01     9     9     6     6
-1.27445467910210896018E-02     9     9     7     1
 1.01604022161603343988E-01     9     9     7     2
 5.29136135190629297576E-01     9     9     7     7
 1.25634301307281703863E-01     9     9     8     4
 5.67986660305877300026E-01     9     9     8     8
 1.25634301307281759374E-01     9     9     9     5
 5.67986660305877633093E-01     9     9     9     9
 0.00000000000000000000E+00     0     0     0     0
-3.19179097007708989509E+01     1     1     0     0
 6.81780501302814756492E-01     1     2     0     0
 0.00000000000000000000E+00     1     3     0     0
 0.00000000000000000000E+00     1     4     0     0
 0.00000000000000000000E+00     1     5     0     0
 0.00000000000000000000E+00     1     6     0     0
 0.00000000000000000000E+00     1     7     0     0
 0.00000000000000000000E+00     1     8     0     0
-5.15373564345550483345E-01     1     9     0     0
 6.81780501302814423426E-01     2     1     0     0
-7.05604937445604196711E+00     2     2     0     0
 0.00000000000000000000E+00     2     3     0     0
 0.00000000000000000000E+00     2     4     0     0
 0.00000000000000000000E+00     2     5     0     0
 0.00000000000000000000E+00     2     6     0     0
 0.00000000000000000000E+00     2     7     0     0
 0.00000000000000000000E+00     2     8     0     0
 1.55647531584320453213E+00     2     9     0     0
 0.00000000000000000000E+00     3     1     0     0
 0.00000000000000000000E+00     3     2     0     0
-6.43128577070592388765E+00     3     3     0     0
 0.00000000000000000000E+00     3     4     0     0
 0.00000000000000000000E+00     3     5     0     0
 1.84862675684324928582E+00     3     6     0     0
 0.00000000000000000000E+00     3     7     0     0
 0.00000000000000000000E+00     3     8     0     0
 0.00000000000000000000E+00     3     9     0     0
 0.00000000000000000000E+00     4     1     0     0
 0.00000000000000000000E+00     4     2     0     0
 0.00000000000000000000E+00     4     3     0     0
-6.43128577070592388765E+00     4     4     0     0
 0.00000000000000000000E+00     4     5     0     0
 0.00000000000000000000E+00     4     6     0     0
 1.84862675684325128422E+00     4     7     0     0
 0.00000000000000000000E+00     4     8     0     0
 0.00000000000000000000E+00     4     9     0     0
 0.00000000000000000000E+00     5     1     0     0
 0.00000000000000000000E+00     5     2     0     0
 0.00000000000000000000E+00     5     3     0     0
 0.00000000000000000000E+00     5     4     0     0
-6.35166081420881489805E+00     5     5     0     0
 0.00000000000000000000E+00     5     6     0     0
 0.00000000000000000000E+00     5     7     0     0
 1.89623380912211825233E+00     5     8     0     0
 0.00000000000000000000E+00     5     9     0     0
 0.00000000000000000000E+00     6     1     0     0
 0.00000000000000000000E+00     6     2     0     0
 1.84862675684324928582E+00     6     3     0     0
 0.00000000000000000000E+00     6     4     0     0
 0.00000000000000000000E+00     6     5     0     0
-4.11264203688044460705E+00     6     6     0     0
 0.00000000000000000000E+00     6     7     0     0
 0.00000000000000000000E+00     6     8     0     0
 0.00000000000000000000E+00     6     9     0     0
 0.00000000000000000000E+00     7     1     0     0
 0.00000000000000000000E+00     7     2     0     0
 0.00000000000000000000E+00     7     3     0     0
 1.84862675684325106218E+00     7     4     0     0
 0.00000000000000000000E+00     7     5     0     0
 0.00000000000000000000E+00     7     6     0     0
-4.11264203688044638341E+00     7     7     0     0
 0.00000000000000000000E+00     7     8     0     0
 0.00000000000000000000E+00     7     9     0     0
 0.00000000000000000000E+00     8     1     0     0
 0.00000000000000000000E+00     8     2     0     0
 0.00000000000000000000E+00     8     3     0     0
 0.00000000000000000000E+00     8     4     0     0
 1.89623380912211803029E+00     8     5     0     0
 0.00000000000000000000E+00     8     6     0     0
 0.00000000000000000000E+00     8     7     0     0
-4.19226699337755537300E+00     8     8     0     0
 0.00000000000000000000E+00     8     9     0     0
-5.15373564345551038457E-01     9     1     0     0
 1.55647531584320297782E+00     9     2     0     0
 0.00000000000000000000E+00     9     3     0     0
 0.00000000000000000000E+00     9     4     0     0
 0.00000000000000000000E+00     9     5     0     0
 0.00000000000000000000E+00     9     6     0     0
 0.00000000000000000000E+00     9     7     0     0
 0.00000000000000000000E+00     9     8     0     0
-3.90874737766035496023E+00     9     9     0     0
 0.00000000000000000000E+00     0     0     0     0
-3.19248581321833491131E+01     1     1     0     0
 5.63563341399271888754E-01     1     2     0     0
 0.00000000000000000000E+00     1     3     0     0
 0.00000000000000000000E+00     1     4     0     0
 0.00000000000000000000E+00     1     5     0     0
 0.00000000000000000000E+00     1     6     0     0
 4.94029960677372870226E-01     1     7     0     0
 0.00000000000000000000E+00     1     8     0     0
 0.00000000000000000000E+00     1     9     0     0
 5.63563341399272332843E-01     2     1     0     0
-6.90848106419983665205E+00     2     2     0     0
 0.00000000000000000000E+00     2     3     0     0
 0.00000000000000000000E+00     2     4     0     0
 0.00000000000000000000E+00     2     5     0     0
 0.00000000000000000000E+00     2     6     0     0
-1.68534972791948889359E+00     2     7     0     0
 0.00000000000000000000E+00     2     8     0     0
 0.00000000000000000000E+00     2     9     0     0
 0.00000000000000000000E+00     3     1     0     0
 0.00000000000000000000E+00     3     2     0     0
-6.20018650564814155501E+00     3     3     0     0
 0.00000000000000000000E+00     3     4     0     0
 0.00000000000000000000E+00     3     5     0     0
 1.97480401018036544336E+00     3     6     0     0
 0.00000000000000000000E+00     3     7     0     0
 0.00000000000000000000E+00     3     8     0     0
 0.00000000000000000000E+00     3     9     0     0
 0.00000000000000000000E+00     4     1     0     0
 0.00000000000000000000E+00     4     2     0     0
 0.00000000000000000000E+00     4     3     0     0
-5.53540054870725928282E+00     4     4     0     0
 0.00000000000000000000E+00     4     5     0     0
 0.00000000000000000000E+00     4     6     0     0
 0.00000000000000000000E+00     4     7     0     0
-2.16611385004003187404E+00     4     8     0     0
 0.00000000000000000000E+00     4     9     0     0
 0.00000000000000000000E+00     5     1     0     0
 0.00000000000000000000E+00     5     2     0     0
 0.00000000000000000000E+00     5     3     0     0
 0.00000000000000000000E+00     5     4     0     0
-5.53540054870725839464E+00     5     5     0     0
 0.00000000000000000000E+00     5     6     0     0
 0.00000000000000000000E+00     5     7     0     0
 0.00000000000000000000E+00     5     8     0     0
-2.16611385004003276222E+00     5     9     0     0
 0.00000000000000000000E+00     6     1     0     0
 0.00000000000000000000E+00     6     2     0     0
 1.97480401018036499927E+00     6     3     0     0
 0.00000000000000000000E+00     6     4     0     0
 0.00000000000000000000E+00     6     5     0     0
-4.34374130193822960422E+00     6     6     0     0
 0.00000000000000000000E+00     6     7     0     0
 0.00000000000000000000E+00     6     8     0     0
 0.00000000000000000000E+00     6     9     0     0
 4.94029960677372259603E-01     7     1     0     0
-1.68534972791948844950E+00     7     2     0     0
 0.00000000000000000000E+00     7     3     0     0
 0.00000000000000000000E+00     7     4     0     0
 0.00000000000000000000E+00     7     5     0     0
 0.00000000000000000000E+00     7     6     0     0
-4.04936725650410345168E+00     7     7     0     0
 0.00000000000000000000E+00     7     8     0     0
 0.00000000000000000000E+00     7     9     0     0
 0.00000000000000000000E+00     8     1     0     0
 0.00000000000000000000E+00     8     2     0     0
 0.00000000000000000000E+00     8     3     0     0
-2.16611385004003187404E+00     8     4     0     0
 0.00000000000000000000E+00     8     5     0     0
 0.00000000000000000000E+00     8     6     0     0
 0.00000000000000000000E+00     8     7     0     0
-5.00852725887911010005E+00     8     8     0     0
 0.00000000000000000000E+00     8     9     0     0
 0.00000000000000000000E+00     9     1     0     0
 0.00000000000000000000E+00     9     2     0     0
 0.00000000000000000000E+00     9     3     0     0
 0.00000000000000000000E+00     9     4     0     0
-2.16611385004003231813E+00     9     5     0     0
 0.00000000000000000000E+00     9     6     0     0
 0.00000000000000000000E+00     9     7     0     0
 0.00000000000000000000E+00     9     8     0     0
-5.00852725887911365277E+00     9     9     0     0
 0.00000000000000000000E+00     0     0     0     0
 0.00000000000000000000E+00     0     0     0     0
